1.9790
1.9850
1.9869
1.9869
1.9869
1.9974
2.0104
2.0146
2.0188
2.0048
2.0048
2.0048
1.9955
1.9953
1.9963
1.9933
1.9787
1.9775
1.9775
1.9782
1.9779
1.9802
1.9741
1.9722
1.9722
1.9722
1.9808
1.9839
1.9803
1.9756
1.9744
1.9744
1.9744
1.9808
1.9894
1.9886
1.9980
2.0017
2.0017
2.0017
1.9959
1.9918
1.9901
1.9717
1.9600
1.9600
1.9600
1.9605
1.9610
1.9623
1.9638
1.9593
1.9593
1.9593
1.9556
1.9537
1.9556
1.9587
1.9595
1.9611
1.9611
1.9714
1.9649
1.9589
1.9589
1.9589
1.9589
1.9589
1.9565
1.9585
1.9589
1.9581
1.9624
1.9624
1.9624
1.9636
1.9641
1.9623
1.9483
1.9487
1.9487
1.9487
1.9474
1.9464
1.9511
1.9568
1.9501
1.9501
1.9501
1.9508
1.9593
1.9668
1.9637
1.9637
1.9637
1.9637
1.9757
2.0258
2.0698
2.0470
2.0355
2.0375
2.0375
2.0375
2.0375
2.0256
2.0077
2.0035
2.0035
2.0035
2.0055
2.0034
2.0032
2.0075
2.0094
2.0000
2.0000
2.0000
2.0000
2.0187
2.0233
2.0234
2.0234
2.0234
2.0185
2.0203
2.0203
2.0173
2.0040
2.0040
2.0040
2.0003
2.0004
2.0031
1.9960
1.9938
1.9938
1.9938
2.0022
1.9898
1.9972
1.9968
2.0017
2.0017
2.0017
2.0077
2.0207
2.0225
2.0123
2.0093
2.0093
2.0093
2.0044
2.0052
2.0015
1.9945
2.0016
2.0016
2.0016
1.9972
2.0029
2.0103
1.9967
2.0007
2.0007
2.0007
2.0102
2.0152
2.0052
2.0076
1.9961
1.9961
1.9961
1.9948
1.9947
1.9980
2.0011
1.9898
1.9898
1.9898
1.9898
1.9898
1.9946
1.9892
1.9859
1.9802
1.9802
1.9772
1.9734
1.9693
1.9700
1.9706
1.9706
1.9706
1.9725
1.9766
1.9886
1.9960
1.9984
1.9984
1.9984
1.9895
1.9879
1.9901
1.9893
1.9922
1.9922
1.9922
1.9916
1.9853
1.9892
2.0002
2.0136
2.0136
2.0136
2.0125
2.0117
2.0110
2.0446
2.0557
2.0557
2.0557
2.0707
2.0542
2.0548
2.0533
2.0508
2.0508
2.0508
2.0480
2.0417
2.0426
2.0560
2.0560
2.0560
2.0560
2.0551
2.0586
2.0735
2.0799
2.0839
2.0839
2.0839
2.0886
2.1028
2.1162
2.1203
2.1389
2.1389
2.1389
2.1605
2.1673
2.1681
2.1528
2.1387
2.1387
2.1387
2.1364
2.1226
2.1028
2.0884
2.0788
2.0788
2.0788
2.0820
2.0882
2.0963
2.1087
2.1121
2.1121
2.1121
2.1157
2.1237
2.1334
2.1508
2.1556
2.1556
2.1556
2.1580
2.1537
2.1453
2.1424
2.1261
2.1261
2.1261
2.1177
2.1112
2.1066
2.1098
2.1120
2.1120
2.1120
2.0988
2.0999
2.1056
2.1094
2.1109
2.1109
2.1109
2.1149
2.1178
2.1196
2.1191
2.1171
2.1171
2.1171
2.1237
2.1211
2.1211
2.1219
2.1336
2.1336
2.1336
2.1431
2.1449
2.1472
2.1222
2.1102
2.1102
2.1102
2.1058
2.0989
2.1061
2.1019
2.1050
2.1050
2.1050
2.1174
2.1310
2.1471
2.1384
2.1316
2.1316
2.1316
2.1291
2.1280
2.1350
2.1339
2.1329
2.1329
2.1329
2.1213
2.1254
2.1270
2.1204
2.1220
2.1220
2.1220
2.1241
2.1262
2.1304
2.1255
2.1228
2.1408
2.1408
2.1408
2.1408
2.1507
2.1495
2.1598
2.1598
2.1598
2.1788
2.1727
2.1727
2.1727
2.1727
2.1590
2.1569
2.1532
2.1503
2.1503
2.1503
2.1542
2.1571
2.1556
2.1546
2.1499
2.1499
2.1499
2.1506
2.1556
2.1539
2.1527
2.1516
2.1516
2.1516
2.1523
2.1593
2.1584
2.1499
2.1575
2.1575
2.1575
2.1583
2.1579
2.1604
2.1663
2.1664
2.1664
2.1664
2.1587
2.1581
2.1571
2.1679
2.1666
2.1666
2.1666
2.1574
2.1564
2.1455
2.1411
2.1402
2.1402
2.1402
2.1367
2.1384
2.1385
2.1384
2.1390
2.1390
2.1390
2.1416
2.1431
2.1414
2.1380
2.1380
2.1380
2.1380
2.1399
2.1381
2.1349
2.1315
2.1278
2.1278
2.1278
2.1138
2.1064
2.1057
2.0963
2.1022
2.1022
2.1022
2.1141
2.1163
2.1269
2.1288
2.1285
2.1285
2.1285
2.1382
2.1414
2.1417
2.1428
2.1415
2.1415
2.1415
2.1397
2.1278
2.1233
2.1131
2.1131
2.1131
2.1131
2.1043
2.1020
2.0953
2.0957
2.0950
2.0950
2.0950
2.0891
2.0884
2.0944
2.1105
2.1104
2.1104
2.1104
2.1089
2.1057
2.1057
2.1115
2.1141
2.1090
2.1090
2.1090
2.1090
2.1090
2.1090
2.1011
2.0969
2.0969
2.0988
2.0986
2.0930
2.0889
2.0854
2.0854
2.0854
2.0819
2.0759
2.0757
2.0797
2.0793
2.0793
2.0793
2.0779
2.0797
2.0879
2.0953
2.0989
2.0989
2.0989
2.1010
2.0977
2.0985
2.0991
2.0925
2.0925
2.0925
2.0805
2.0712
2.0722
2.0704
2.0655
2.0655
2.0655
2.0620
2.0632
2.0625
2.0489
2.0417
2.0417
2.0417
2.0352
2.0351
2.0395
2.0433
2.0433
2.0433
2.0433
2.0442
2.0471
2.0471
2.0488
2.0488
2.0488
2.0488
2.0521
2.0498
2.0467
2.0340
2.0342
2.0342
2.0342
2.0310
2.0309
2.0341
2.0301
2.0255
2.0255
2.0255
2.0244
2.0225
2.0282
2.0293
2.0271
2.0271
2.0271
2.0343
2.0348
2.0350
2.0443
2.0553
2.0553
2.0553
2.0563
2.0526
2.0487
2.0444
2.0431
2.0431
2.0431
2.0428
2.0419
2.0415
2.0457
2.0470
2.0470
2.0470
2.0524
2.0584
2.0566
2.0546
2.0566
2.0566
2.0566
2.0580
2.0655
2.0796
2.0923
2.0980
2.0980
2.0980
2.1049
2.1190
2.1161
2.1105
2.1071
2.1071
2.1071
2.0989
2.0915
2.0845
2.0749
2.0511
2.0511
2.0511
2.0438
2.0506
2.0580
2.0523
2.0412
2.0412
2.0412
2.0444
2.0614
2.0745
2.0741
2.0743
2.0743
2.0743
2.0762
2.0831
2.0906
2.0830
2.0739
2.0739
2.0739
2.0708
2.0696
2.0708
2.0619
2.0505
2.0505
2.0505
2.0519
2.0501
2.0500
2.0400
2.0388
2.0388
2.0388
2.0391
2.0373
2.0400
2.0424
2.0453
2.0453
2.0453
2.0471
2.0555
2.0544
2.0517
2.0539
2.0539
2.0539
2.0415
2.0413
2.0434
2.0434
2.0434
2.0434
2.0434
2.0495
2.0494
2.0556
2.0552
2.0478
2.0458
2.0458
2.0455
2.0457
2.0476
2.0479
2.0501
2.0501
2.0501
2.0603
2.0740
2.0957
2.1135
2.1086
2.1086
2.1086
2.1105
2.1105
2.1183
2.1174
2.1154
2.1154
2.1154
2.1159
2.1134
2.1143
2.1091
2.1008
2.1008
2.1008
2.1051
2.1037
2.1062
2.1047
2.0997
2.0997
2.0997
2.0977
2.0962
2.0962
2.0984
2.1065
2.1065
2.1065
2.1036
2.1098
2.1098
2.1098
2.1098
2.1098
2.1138
2.1159
2.1193
2.1193
2.1193
2.1128
2.1203
2.1248
2.1247
2.1228
2.1228
2.1228
2.1205
2.1195
2.1156
2.1137
2.1130
2.1130
2.1130
2.1201
2.1283
2.1283
2.1377
2.1380
2.1380
2.1380
2.1483
2.1480
2.1540
2.1615
2.1762
2.1762
2.1762
2.1847
2.1924
2.1919
2.2001
2.1986
2.1986
2.1986
2.1944
2.2030
2.2040
2.2048
2.2120
2.2120
2.2120
2.2246
2.2268
2.2378
2.2340
2.2391
2.2391
2.2391
2.2342
2.2353
2.2311
2.2357
2.2396
2.2396
2.2396
2.3518
2.3208
2.3141
2.3474
2.3402
2.3402
2.3402
2.3636
2.3673
2.4413
2.5414
2.5591
2.5591
2.5591
2.6396
2.6000
2.5789
2.5900
2.5754
2.5754
2.5754
2.6023
2.5856
2.5973
2.5893
2.5846
2.5722
2.5722
2.5708
2.5520
2.5512
2.5160
2.4752
2.4752
2.4752
2.4613
2.4535
2.4506
2.4587
2.4450
2.4450
2.4450
2.4506
2.4824
2.4949
2.4687
2.4630
2.4630
2.4630
2.4630
2.4630
2.4361
2.4143
2.4143
2.4143
2.4143
2.4544
2.4404
2.4527
2.4533
2.4415
2.4415
2.4415
2.4352
2.4392
2.4463
2.4512
2.4462
2.4462
2.4462
2.4365
2.4159
2.4087
2.3856
2.3986
2.3986
2.3986
2.3995
2.4020
2.4090
2.4137
2.4100
2.4100
2.4100
2.4008
2.3981
2.3885
2.3977
2.3810
2.3810
2.3810
2.3732
2.3785
2.3721
2.3748
2.3781
2.3781
2.3781
2.3867
2.3763
2.3812
2.3817
2.3757
2.3757
2.3757
2.3748
2.3692
2.3726
2.3827
2.3839
2.3839
2.3839
2.4008
2.4123
2.4243
2.4214
2.4214
2.4214
2.4214
2.4332
2.4440
2.4399
2.4332
2.4300
2.4300
2.4300
2.4185
2.4194
2.4016
2.3995
2.3994
2.3994
2.3994
2.3990
2.3879
2.3854
2.3857
2.3898
2.3898
2.3898
2.3889
2.4103
2.4180
2.4386
2.4375
2.4375
2.4375
2.4475
2.4394
2.4368
2.4376
2.4482
2.4482
2.4482
2.4629
2.4571
2.4583
2.4609
2.4564
2.4564
2.4564
2.4583
2.4677
2.4695
2.4856
2.5216
2.5216
2.5216
2.5554
2.6028
2.6483
2.6612
2.6631
2.6631
2.6631
2.6548
2.6393
2.6459
2.6451
2.6342
2.6342
2.6342
2.6365
2.6356
2.6329
2.6158
2.5992
2.5992
2.5992
2.5940
2.5900
2.5781
2.5755
2.5658
2.5658
2.5658
2.5833
2.5905
2.5908
2.6042
2.5992
2.5992
2.5992
2.6264
2.6403
2.6236
2.6019
2.6150
2.6150
2.6150
2.6188
2.6225
2.6205
2.6130
2.5780
2.5780
2.5780
2.5700
2.5707
2.5717
2.5760
2.5729
2.5729
2.5729
2.5708
2.5629
2.5466
2.5460
2.5399
2.5399
2.5399
2.5402
2.5534
2.5990
2.6264
2.6352
2.6352
2.6352
2.6579
2.6563
2.6430
2.6153
2.5780
2.5780
2.5780
2.5770
2.5569
2.5551
2.5680
2.5668
2.5668
2.5668
2.5614
2.5559
2.5528
2.5564
2.5522
2.5522
2.5522
2.5514
2.5548
2.5600
2.5670
2.5817
2.5817
2.5817
2.5873
2.5905
2.5881
2.5862
2.5697
2.5697
2.5697
2.5674
2.5572
2.5482
2.5476
2.5334
2.5334
2.5334
2.5287
2.5300
2.5249
2.5109
2.5068
2.5068
2.5068
2.5320
2.5658
2.5838
2.5891
2.5891
2.5891
2.5891
2.5736
2.5708
2.5789
2.5789
2.5789
2.5789
2.5789
2.5795
2.5821
2.5655
2.5655
2.5655
2.5655
2.5655
2.5787
2.5798
2.5696
2.5721
2.5560
2.5428
2.5428
2.5540
2.5509
2.5391
2.5372
2.5475
2.5475
2.5475
2.5565
2.5782
2.5818
2.6228
2.6262
2.6262
2.6262
2.6195
2.6293
2.6404
2.6364
2.6282
2.6282
2.6282
2.6150
2.5997
2.5783
2.5748
2.5886
2.5886
2.5886
2.5805
2.5799
2.5902
2.5916
2.5917
2.5917
2.5917
2.5963
2.6006
2.6036
2.6020
2.6057
2.6057
2.6057
